127.190
132.427
89.563
157.221
42.206
307.495
203.171
0.000
171.113
90.700
28.695
102.356
0.000
198.408
1.449
93.276
76.414
68.977
134.585
115.122
300.243
0.000
139.344
86.633
2.886
0.000
130.098
130.896
0.000
175.060
77.769
67.499
71.114
31.983
110.740
323.829
108.520
391.067
-0.000
191.742
147.115
173.955
67.824
98.684
31.376
111.013
174.911
93.176
353.227
0.000
82.275
79.857
0.000
310.157
545.306
0.000
0.000
170.885
135.401
86.548
81.863
40.023
134.110
286.159
81.360
77.217
114.451
102.599
170.683
0.000
152.368
38.840
0.000
0.675
0.000
212.822
408.534
236.360
115.393
198.019
96.125
-0.000
191.500
97.981
-0.000
-0.000
205.328
-0.000
-0.000
-0.000
273.230
-0.000
-0.000
94.236
150.022
401.198
8.502
0.000
59.875
13.246
0.000
78.550
74.647
0.000
161.500
34.678
0.000
166.511
99.976
0.000
40.097
-0.000
48.508
0.000
288.192
-0.000
281.125
123.698
434.084
133.789
113.012
190.282
129.271
223.930
0.000
108.331
0.000
0.000
0.000
0.000
143.012
123.848
144.377
63.401
11.565
105.858
149.381
165.938
140.435
28.222
207.465
157.966
16.589
-0.000
399.295
344.073
-0.000
189.405
529.224
410.445
1377.207
-0.000
389.985
-0.000
194.904
420.115
1298.943
-0.000
309.045
202.661
143.511
291.596
158.378
-0.000
363.279
256.893
471.212
219.542
353.266
-0.000
194.097
79.718
297.972
102.908
223.383
118.299
213.744
210.834
480.912
328.334
140.066
-0.000
447.218
-0.000
-0.000
324.237
72.647
367.652
-0.000
0.000
91.408
504.221
121.678
125.305
18.572
0.000
265.796
21.181
233.171
264.089
