0.700 0.610 0.573 0.628 0.583 0.657 0.612 0.701 0.567 0.585 0.639 0.613 0.657 0.604 0.566 0.676 0.513 0.651 0.629 0.642
0.683 0.671 0.670 0.705 0.732 0.647 0.613 0.591 0.624 0.653 0.648 0.600 0.697 0.673 0.732 0.593 0.639 0.638 0.592 0.617
0.679 0.683 0.671 0.715 0.757 0.670 0.705 0.685 0.732 0.646 0.613 0.647 0.627 0.613 0.591 0.652 0.628 0.639 0.699 0.672
0.732 0.679 0.683 0.710 0.664 0.736 0.730 0.711 0.671 0.715 0.698 0.601 0.674 0.757 0.727 0.670 0.718 0.705 0.656 0.656
0.641 0.732 0.723 0.744 0.679 0.668 0.760 0.729 0.734 0.683 0.725 0.720 0.745 0.690 0.710 0.664 0.736 0.730 0.667 0.711
0.756 0.735 0.641 0.706 0.732 0.753 0.723 0.744 0.679 0.719 0.668 0.760 0.729 0.734 0.683 0.725 0.720 0.710 0.697 0.745
0.756 0.701 0.744 0.755 0.760 0.634 0.735 0.634 0.641 0.706 0.680 0.707 0.732 0.753 0.723 0.744 0.679 0.719 0.736 0.757
0.756 0.701 0.744 0.755 0.760 0.634 0.735 0.752 0.634 0.744 0.641 0.706 0.680 0.745 0.707 0.755 0.707 0.763 0.732 0.742
0.756 0.753 0.701 0.744 0.755 0.760 0.634 0.735 0.713 0.689 0.679 0.752 0.757 0.768 0.634 0.702 0.744 0.641 0.706 0.671
0.686 0.700 0.759 0.668 0.756 0.753 0.701 0.744 0.755 0.760 0.715 0.683 0.721 0.634 0.735 0.713 0.689 0.749 0.755 0.658
0.745 0.749 0.686 0.700 0.759 0.733 0.688 0.668 0.720 0.756 0.753 0.669 0.701 0.744 0.755 0.760 0.694 0.715 0.683 0.698
0.745 0.739 0.749 0.686 0.700 0.759 0.733 0.688 0.668 0.723 0.720 0.760 0.714 0.756 0.753 0.669 0.683 0.701 0.744 0.641
