3.500000000000000333e-02 1.569759907501904472e-01
4.000000000000000083e-02 1.491596750689847262e-01
4.499999999999999833e-02 1.408564138362504714e-01
5.000000000000000278e-02 1.322305619437213475e-01
5.500000000000000028e-02 1.234435911913677048e-01
5.999999999999999778e-02 1.146491711157497373e-01
6.500000000000000222e-02 1.059887850440597995e-01
7.000000000000000666e-02 9.758804329304623937e-02
7.499999999999999722e-02 8.955381670641020253e-02
8.000000000000000167e-02 8.197227024691335073e-02
8.500000000000000611e-02 7.490783059433735180e-02
8.999999999999999667e-02 6.840307616200058671e-02
9.500000000000000111e-02 6.247949504970494450e-02
1.000000000000000056e-01 5.713901838125327176e-02
1.049999999999999961e-01 5.236620505660995878e-02
1.100000000000000006e-01 4.813093055988672264e-02
1.150000000000000050e-01 4.439141796941089430e-02
1.199999999999999956e-01 4.109744403711029087e-02
1.250000000000000000e-01 3.819355692456974372e-02
1.300000000000000044e-01 3.562215418378147230e-02
1.350000000000000089e-01 3.332628869755427381e-02
1.400000000000000133e-01 3.125209504775487007e-02
1.449999999999999900e-01 2.935075742048340319e-02
1.499999999999999944e-01 2.757997082561096380e-02
1.549999999999999989e-01 2.590487824032017966e-02
1.600000000000000033e-01 2.429849552832103257e-02
1.650000000000000078e-01 2.274166209349250123e-02
1.700000000000000122e-01 2.122257694457893584e-02
1.749999999999999889e-01 1.973599627090150480e-02
1.799999999999999933e-01 1.828217923432012143e-02
1.849999999999999978e-01 1.686567333502325683e-02
1.900000000000000022e-01 1.549402964353972269e-02
1.950000000000000067e-01 1.417653197356452677e-02
2.000000000000000111e-01 1.292301353491359314e-02
