0.105 0.138 0.152 0.160 0.223 0.238 0.241 0.245 0.259 0.263 0.265 0.269 0.286 0.294 0.298 0.306 0.308 0.311 0.313 0.321
0.140 0.178 0.201 0.202 0.231 0.243 0.246 0.246 0.255 0.255 0.256 0.257 0.263 0.263 0.267 0.269 0.273 0.273 0.277 0.277
0.109 0.140 0.178 0.181 0.193 0.201 0.202 0.211 0.231 0.236 0.242 0.243 0.245 0.246 0.246 0.246 0.247 0.250 0.250 0.252
0.102 0.109 0.140 0.151 0.153 0.153 0.153 0.174 0.178 0.181 0.183 0.187 0.193 0.193 0.195 0.201 0.201 0.202 0.203 0.207
0.092 0.102 0.104 0.104 0.109 0.113 0.114 0.115 0.132 0.140 0.143 0.144 0.150 0.151 0.151 0.153 0.153 0.153 0.166 0.174
0.055 0.072 0.092 0.093 0.102 0.103 0.104 0.104 0.109 0.111 0.113 0.114 0.115 0.132 0.140 0.143 0.144 0.145 0.147 0.150
0.055 0.057 0.057 0.059 0.064 0.068 0.072 0.085 0.092 0.093 0.095 0.100 0.102 0.103 0.104 0.104 0.109 0.111 0.112 0.113
0.055 0.057 0.057 0.059 0.064 0.068 0.072 0.081 0.085 0.089 0.092 0.093 0.095 0.096 0.098 0.098 0.100 0.100 0.102 0.103
0.055 0.055 0.057 0.057 0.059 0.064 0.068 0.072 0.075 0.076 0.081 0.081 0.083 0.084 0.085 0.088 0.089 0.092 0.093 0.094
0.030 0.033 0.034 0.046 0.055 0.055 0.057 0.057 0.059 0.064 0.065 0.065 0.068 0.068 0.072 0.075 0.076 0.078 0.079 0.079
0.021 0.029 0.030 0.033 0.034 0.034 0.042 0.046 0.050 0.055 0.055 0.055 0.057 0.057 0.059 0.064 0.064 0.065 0.065 0.067
0.021 0.027 0.029 0.030 0.033 0.034 0.034 0.042 0.046 0.050 0.050 0.052 0.053 0.055 0.055 0.055 0.056 0.057 0.057 0.057
